  0.99999999999999900        0.0000000000000000     
  0.99982199572784958        1.2578618188754527E-002
  0.99928804793158144        2.5155246089236635E-002
  0.99839834670029182        3.7727893728093029E-002
  0.99715320877375335        5.0294571761758826E-002
  0.99555307742965293        6.2853291791227200E-002
  0.99359852232578172        7.5402066676669599E-002
  0.99129023929723303        8.7938910851856650E-002
  0.98862905010868052       0.10046184063833014     
  0.98561590216182371       0.11296887455927627     
  0.98225186815810706       0.12545803365305067     
  0.97853814571683029       0.13792734178630506     
  0.97447605694878825       0.15037482596666707     
  0.97006704798558996       0.16279851665492226     
  0.96531268846482565       0.17519644807665047     
  0.96021467097126556       0.18756665853326593     
  0.95477481043428747       0.19990719071241297     
  0.94899504348174968       0.21221609199766714     
  0.94287742775053807       0.22449141477749382     
  0.93642414115403305       0.23673121675341455     
  0.92963748110675737       0.24893356124733290     
  0.92251986370648131       0.26109651750797097     
  0.91507382287407413       0.27321816101636809     
  0.90730200945141171       0.28529657379039342     
  0.89920719025765816       0.29732984468822404     
  0.89079224710425919       0.30931606971074127     
  0.88206017576899720       0.32125335230279606     
  0.87301408492947385       0.33313980365329732     
  0.86365719505640015       0.34497354299407390     
  0.85399283726708497       0.35675269789746533     
  0.84402445213953592       0.36847540457259159     
  0.83375558848758913       0.38013980816025700     
  0.82318990209750675       0.39174406302644060     
  0.81233115442649362       0.40328633305432710     
  0.80118321126358893       0.41476479193483151     
  0.78975004135342319       0.42617762345557253     
  0.77803571498331447       0.43752302178824765     
  0.76604440253421902       0.44879919177436578     
  0.75378037299604728       0.46000434920929145     
  0.74124799244787343       0.47113672112455557     
  0.72845172250358237       0.48219454606838852     
  0.71539611872350239       0.49317607438443106     
  0.70208582899259597       0.50407956848857882     
  0.68852559186578000       0.51490330314391641     
  0.67472023488096722       0.52564556573369803     
  0.66067467284043113       0.53630465653233139     
  0.64639390606109992       0.54687888897432158     
  0.63188301859441109       0.55736658992113264     
  0.61714717641635353       0.56776609992592508     
  0.60219162558834372       0.57807577349612649     
  0.58702169038959429       0.58829397935379435     
  0.57164277142162900       0.59841910069372961     
  0.55606034368563739       0.60844953543930047     
  0.54027995463333156       0.61838369649593583     
  0.52430722219201775       0.62822001200224731     
  0.50814783276457576       0.63795692557874228     
  0.49180753920505732       0.64759289657408614     
  0.47529215877063474       0.65712640030887626     
  0.45860757105061378       0.66655592831688881     
  0.44175971587326068       0.67587998858376064     
  0.42475459119118236       0.68509710578306682     
  0.40759825094601321       0.69420582150975929     
  0.39029680291317209       0.70320469451092626     
  0.37285640652744945       0.71209230091383946     
  0.35528327069020776       0.72086723445125023     
  0.33758365155896958       0.72952810668390000     
  0.31976385032018212       0.73807354722021035     
  0.30183021094595153       0.74650220393311717     
  0.28378911793554468       0.75481274317401503     
  0.26564699404246545       0.76300384998377702     
  0.24741029798790565       0.77107422830081862     
  0.22908552216140152       0.77902260116617050     
  0.21067919030949381       0.78684771092552896     
  0.19219785521323052       0.79454831942825221     
  0.17364809635533360       0.80212320822326999     
  0.15503651757785281       0.80957117875187679     
  0.13636974473115862       0.81689105253737715     
  0.11765442331508894       0.82408167137155364     
   9.8897216113107048E-002  0.83114189749792755     
   8.0104800820306660E-002  0.83807061379178382     
   6.1283867666101430E-002  0.84486672393693130     
   4.2441117032463851E-002  0.85152915259917050     
   2.3583257068535986E-002  0.85805684559644169     
   4.7170013024883037E-003  0.86444877006562559     
  -1.4150933748545272E-002  0.87070391462597108     
  -3.3013830969596453E-002  0.87682128953912453     
  -5.1864975039195599E-002  0.88279992686573305     
  -7.0697654820079600E-002  0.88863888061860030     
  -8.9505165748396287E-002  0.89433722691236728     
 -0.10828081222058035       0.89989406410969774     
 -0.12701790997703258       0.90530851296394155     
 -0.14570978848176053       0.91057971675825611     
 -0.16434979329714025       0.91570684144116354     
 -0.18293128845293585       0.92068907575851988     
 -0.20144765880875534       0.92552563138187915     
 -0.21989231240908416       0.93021574303322796     
 -0.23825868283006715       0.93475866860607471     
 -0.25654023151720079       0.93915368928287069     
 -0.27473045011310399       0.94340010964874788     
 -0.29282286277453667       0.94749725780155225     
 -0.31081102847784697       0.95144448545815785     
 -0.32868854331201858       0.95524116805704340     
 -0.34644904275850735       0.95888670485711480     
 -0.36408620395705454       0.96238051903275990     
 -0.38159374795666678       0.96572205776511744     
 -0.39896544195096834       0.96891079232954958     
 -0.41619510149712186       0.97194621817929949     
 -0.43327659271753260       0.97482785502532610     
 -0.45020383448355195       0.97755524691229845     
 -0.46697080058039930       0.98012796229074051     
 -0.48357152185253854       0.98254559408531472     
 -0.50000008832873710       0.98480775975923240     
 -0.51625065132605674       0.98691410137478186     
 -0.53231742553202477       0.98886428564996398     
 -0.54819469106424601       0.99065800401122694     
 -0.56387679550671876       0.99229497264229105     
 -0.57935815592213569       0.99377493252905635     
 -0.59463326083944712       0.99509764950058588     
 -0.60969667221598256       0.99626291426615821     
 -0.62454302737343215       0.99727054244838287     
 -0.63916704090699517       0.99812037461237413     
 -0.65356350656702433       0.99881227629097780     
 -0.66772729911248208       0.99934613800604821     
 -0.68165337613556509       0.99972187528577017     
 -0.69533677985683484       0.99993942867802488     
 -0.70877263889022057       0.99999876375979724     
 -0.72195616997726908       0.99989987114262224     
 -0.73488267969001353       0.99964276647407024     
 -0.74754756610187068       0.99922749043527193     
 -0.75994632042595422       0.99865410873448046     
 -0.77207452862023807       0.99792271209667505     
 -0.78392787295898203       0.99703341624920583     
 -0.79550213356987398       0.99598636190348244     
 -0.80679318993633420       0.99478171473270949     
 -0.81779702236444518       0.99341966534567239     
 -0.82850971341399338       0.99190042925657795     
 -0.83892744929310203       0.99022424685095400     
 -0.84904652121596902       0.98839138334761334     
 -0.85886332672322041       0.98640212875668931     
 -0.86837437096441072       0.98425679783374720     
 -0.87757626794221200       0.98195573002998238     
 -0.88646574171785453       0.97949928943850872     
 -0.89503962757738176       0.97688786473674882     
 -0.90329487315831258       0.97412186912493515     
 -0.91122853953630167       0.97120174026072981     
 -0.91883780227141654       0.96812794018997472     
 -0.92611995241365841       0.96490095527358344     
 -0.93307239746736714       0.96152129611058490     
 -0.93969266231416759       0.95798949745733297     
 -0.94597839009412876       0.95430611814289235     
 -0.95192734304482163       0.95047174098061704     
 -0.95753740329797821       0.94648697267593218     
 -0.96280657363346767       0.94235244373033689     
 -0.96773297819032067       0.93806880834164130     
 -0.97231486313454818       0.93363674430045407     
 -0.97655059728351834       0.92905695288293677     
 -0.98043867268666929       0.92433015873984303     
 -0.98397770516234973       0.91945710978185813     
 -0.98716643479059718       0.91443857706125864     
 -0.99000372636167822       0.90927535464991083     
 -0.99248856978023081       0.90396825951362592     
 -0.99462008042486516       0.89851813138289338     
 -0.99639749946309508       0.89292583262001279     
 -0.99782019412148848       0.88719224808264263     
 -0.99888765791093725       0.88131828498379283     
 -0.99959951080697240       0.87530487274827695     
 -0.99995549938505490       0.86915296286565236     
 -0.99995549691079633       0.86286352873966743     
 -0.99959950338507775       0.85643756553424133     
 -0.99888764554404852       0.84987609001600295     
 -0.99782017681400847       0.84318014039340849     
 -0.99639747722118543       0.83635077615246889     
 -0.99462005325644409       0.82938907788910943     
 -0.99248853769497047       0.82229614713818833     
 -0.99000368937100125       0.81507310619920481     
 -0.98716639290767239       0.80772109795871883     
 -0.98397765840208773       0.80024128570951536     
 -0.98043862106571722       0.79263485296653768     
 -0.97655054082025350       0.78490300327962415     
 -0.97231480184907193       0.77704696004307161     
 -0.96773291210445100       0.76906796630206109     
 -0.96280650277073165       0.76096728455597307     
 -0.95753732768360345       0.75274619655862418     
 -0.95192726270572725       0.74440600311545935     
 -0.94597830505891634       0.73594802387772740     
 -0.93969257261311023       0.72737359713367566     
 -0.93307230313239853       0.71868407959679415     
 -0.92611985347836290       0.70988084619114766     
 -0.91883769877101551       0.70096528983382345     
 -0.91122843150764221       0.69193882121453254     
 -0.90329476063985403       0.68280286857240025     
 -0.89503951060918052       0.67355887746997722     
 -0.88646562034155252       0.66420831056451313     
 -0.87757614220102009       0.65475264737652250     
 -0.86837424090309401       0.64519338405568338     
 -0.85886319238808140       0.63553203314410400     
 -0.84904638265483123       0.62577012333699777     
 -0.83892730655529479       0.61590919924080045     
 -0.82850956655033214       0.60595082112877019     
 -0.81779687142721502       0.59589656469410912     
 -0.80679303497926891       0.58574802080064348     
 -0.79550197464813965       0.57550679523110670     
 -0.78392771012915619       0.56517450843305839     
 -0.77207436194028900       0.55475279526248478     
 -0.75994614995522181       0.54424330472511795     
 -0.74754739190104258       0.53364769971551873     
 -0.73488250182110681       0.52296765675395929     
 -0.72195598850360654       0.51220486572115131     
 -0.70877245387640797       0.50136102959085971     
 -0.69533659136873838       0.49043786416044360     
 -0.68165318424028776       0.47943709777937127     
 -0.66772710387833978       0.46836047107574569     
 -0.65356330806352225       0.45720973668088893     
 -0.63916683920480155       0.44598665895202749     
 -0.62454282254435456       0.43469301369311997     
 -0.60969646433294145       0.42333058787387801     
 -0.59463304997644995       0.41190117934701592     
 -0.57935794215425185       0.40040659656378141     
 -0.56387657891005039       0.38884865828780624     
 -0.54819447171590374       0.37722919330732962     
 -0.53231720351009770       0.36555004014583120     
 -0.51625042670958587       0.35381304677112602     
 -0.49999986119768824       0.34202007030296450     
 -0.48357129228777113       0.33017297671918294     
 -0.46697056866364067       0.31827364056045609     
 -0.45020360029736534       0.30632394463369100     
 -0.43327635634529110       0.29432577971411511     
 -0.41619486302297443       0.28228104424610134     
 -0.39896520145981346       0.27019164404278367     
 -0.38159350553412164       0.25805949198450273     
 -0.36408595968942253       0.24588650771613513     
 -0.34644879673275064       0.23367461734335251     
 -0.32868829561572277       0.22142575312785626     
 -0.31081077919919370       0.20914185318164230     
 -0.29282261200227166       0.19682486116033604     
 -0.27473019793650388       0.18447672595565273     
 -0.25653997802604178       0.17209940138702662     
 -0.23825842811459347       0.15969484589246480     
 -0.21989205655997621       0.14726502221866614     
 -0.20144740191709806       0.13481189711046018     
 -0.18293103061018443       0.12233744099961393     
 -0.16434953459508761       0.10984362769305257     
 -0.14570952901250678        9.7332434060551073E-002
 -0.12701764983294975        8.4805839721936227E-002
 -0.10828055149428327        7.2265826733856217E-002
  -8.9504904532704863E-002   5.9714379276164256E-002
  -7.0697393207987541E-002   4.7153483337964319E-002
  -5.1864713123839071E-002   3.4585126403374883E-002
  -3.3013568844218223E-002   2.2011297137051709E-002
  -1.4150671506466454E-002   9.4339850695265622E-003
   4.7172635679103873E-003  -3.1448197175938451E-003
   2.3583519263932151E-002  -1.5723126906511582E-002
   4.2441379064490727E-002  -2.8298946258163080E-002
   6.1284129441474697E-002  -4.0870287927130017E-002
   8.0105062245829819E-002  -5.3435162776487945E-002
   9.8897477095713476E-002  -6.5991582692544973E-002
  0.11765468376186612       -7.8537560899414216E-002
  0.13637000454938616       -9.1071112273378829E-002
  0.15503677667503277      -0.10359025365699320     
  0.17364835463922512      -0.11609300417287545     
  0.19219811259188452      -0.12857738553713483     
  0.21067944669128086      -0.14104142237239328     
  0.22908577745504835      -0.15348314252034467     
  0.24741055210252511      -0.16590057735380492     
  0.26564724688759056      -0.17829176208820546     
  0.28378936942116251      -0.19065473609247424     
  0.30183046098253064      -0.20298754319926415     
  0.31976409881870732      -0.21528823201447231     
  0.33758389843097458      -0.22755485622600674     
  0.35528351584780354      -0.23978547491174473     
  0.37285664988335904      -0.25197815284664254     
  0.39029704438075913      -0.26413096080894155     
  0.40759849043931273      -0.27624197588542448     
  0.42475482862493352      -0.28830928177567577     
  0.44175995116293504      -0.30033096909529100     
  0.45860780411244734      -0.31230513567799656     
  0.47529238952165515      -0.32422988687662463     
  0.49180776756311634      -0.33610333586290081     
  0.50814805864837609      -0.34792360392599042     
  0.52430744552114306      -0.35968882076976483     
  0.54028017532827521      -0.37139712480873377     
  0.55606056166783002      -0.38304666346260002     
  0.57164298661346835      -0.39463559344939064     
  0.58702190271446997      -0.40616208107711321     
  0.60219183497066686      -0.41762430253389887     
  0.61714738278158232      -0.42902044417657947     
  0.63188322186907797      -0.44034870281765659     
  0.64639410617283821      -0.45160728601061717     
  0.66067486971799971      -0.46279441233354651     
  0.67472042845427582      -0.47390831167100045     
  0.68852578206591541      -0.48494722549408614     
  0.70208601575184526      -0.49590940713871190     
  0.71539630197537862      -0.50679312208195604     
  0.72845190218284661      -0.51759664821651818     
  0.74124816849055808      -0.52831827612320414     
  0.75378054533948013      -0.53895630934140393     
  0.76604457111704438      -0.54950906463751970     
  0.77803587974551625      -0.55997487227129883     
  0.78975020223634507      -0.57035207626003481     
  0.80118336820995473      -0.58063903464058864     
  0.81233130738042958      -0.59083411972919520     
  0.82319005100456044      -0.60093571837900561     
  0.83375573329474850      -0.61094223223533384     
  0.84402459279524888      -0.62085207798856079     
  0.85399297372127658      -0.63066368762465708     
  0.86365732726049216      -0.64037550867328852     
  0.87301421283640046      -0.64998600445345789     
  0.88206029933322272      -0.65949365431665230     
  0.89079236628179381      -0.66889695388745141     
  0.89920730500607415      -0.67819441530156288     
  0.90730211972985797      -0.68738456744124210     
  0.91507392864329018      -0.69646595616806550     
  0.92251996492881305      -0.70543714455301498     
  0.92963757774616873      -0.71429671310384069     
  0.93642423317611978      -0.72304325998966457     
  0.94287751512253992      -0.73167540126278807     
  0.94899512617256121      -0.74019177107767187     
  0.95477488841447045      -0.74859102190705118     
  0.96021474421305830      -0.75687182475515091     
  0.96531275694215379      -0.76503286936797210     
  0.97006711167407500      -0.77307286444060719     
  0.97447611582575644      -0.78099053782156402     
  0.97853819976132150      -0.78878463671405463     
  0.98225191735088069      -0.79645392787421987     
  0.98561594648536688      -0.80399719780626744     
  0.98862908954721396      -0.81141325295447853     
  0.99129027383671597      -0.81870091989205984     
  0.99359855195391811      -0.82585904550681688     
  0.99555310213589487      -0.83288649718360364     
  0.99715322854930533      -0.83978216298353758     
  0.99839836153811368      -0.84654495181993816     
  0.99928805782639063      -0.85317379363096557     
  0.99982200067612348      -0.85966763954893755     
  0.99999999999997613      -0.86602546206628606     
  0.99982199242896208      -0.87224625519814081     
  0.99928804133500382      -0.87832903464150236     
  0.99839833680837253      -0.88427283793098543     
  0.99715319559001381      -0.89007672459111098     
  0.99555306095878682      -0.89573977628511148     
  0.99359850257365279      -0.90126109696024104     
  0.99129021627087310      -0.90663981298955465     
  0.98862902381628726      -0.91187507331013862     
  0.98561587261275696      -0.91696604955777583     
  0.98225183536288707      -0.92191193619801259     
  0.97853810968713251      -0.92671195065361955     
  0.97447601769743863      -0.93136533342841588     
  0.97006700552656300      -0.93587134822744178     
  0.96531264281323670      -0.94022928207346335     
  0.96021462214336695      -0.94443844541978350     
  0.95477475844746273      -0.94849817225934774     
  0.94899498835450546      -0.95240782023012627     
  0.94287736950250101      -0.95616677071675171     
  0.93642407980593945      -0.95977442894840315     
  0.92963741668044753      -0.96323022409291437     
  0.92251979622489200      -0.96653360934709531     
  0.91507375236122801      -0.96968406202325275     
  0.90730193593241326      -0.97268108363189232     
  0.89920711375867979      -0.97552419996059525     
  0.89079216765253511      -0.97821296114905110     
  0.88206009339281355      -0.98074694176023747     
  0.87301399965815574      -0.98312574084773807     
  0.86365710692030606      -0.98534898201918120     
  0.85399274629759125      -0.98741631349579739     
  0.84402435836902834      -0.98932740816807985     
  0.83375549194945153      -0.99108196364754209     
  0.82318980282610676      -0.99267970231456482     
  0.81233105245717185      -0.99412037136232290     
  0.80118310663264780      -0.99540374283678579     
  0.78974993409811178      -0.99652961367278747     
  0.77803560514181735      -0.99749780572615576     
  0.76604429014563946      -0.99830816580190063     
  0.75378025810039651      -0.99896056567845359     
  0.74124787508605539      -0.99945490212795562     
  0.72845160271737819      -0.99979109693259116     
  0.71539599655555819      -0.99996909689696412     
  0.70208570448640306      -0.99998887385651480     
  0.68852546506566348      -0.99985042468197660     
  0.67472010583206909      -0.99955377127987111     
  0.66067454158869332      -0.99909896058904124     
  0.64639377265325026      -0.99848606457322509     
  0.63188288307794249      -0.99771518020966909     
  0.61714703883951072      -0.99678642947378260     
  0.60219148600010541      -0.99569995931983957     
  0.58702154883965396      -0.99445594165772455     
  0.57164262796038179      -0.99305457332573333     
  0.55606019836415443      -0.99149607605942647     
  0.54027980750334859      -0.98978069645654498     
  0.52430707330591408      -0.98790870593799196     
  0.50814768217535700      -0.98588040070488570     
  0.49180738696633325      -0.98369610169169253     
  0.47529200493660312      -0.98135615451544689     
  0.45860741567604052      -0.97886092942106329     
  0.44175955901346026      -0.97621082122275538     
  0.42475443290199949      -0.97340624924156338     
  0.40759809128379881      -0.97044765723900694     
  0.39029664193476654      -0.96733551334686985     
  0.37285624429016212      -0.96407030999312726     
  0.35528310725179635      -0.96065256382403152     
  0.33758348697762086      -0.95708281562236308     
  0.31976368465448657      -0.95336163022186349     
  0.30183004425488724      -0.94948959641786446     
  0.28378895027845530      -0.94546732687412205     
  0.26564682547903717      -0.94129545802587788     
  0.24741012857815076      -0.93697464997915603     
  0.22908535196562893      -0.93250558640631620     
  0.21067901938829439      -0.92788897443787866     
  0.19219768362745382      -0.92312554455063500     
  0.17364792416606448      -0.91821605045206667     
  0.15503634484639447      -0.91316126896108885     
  0.13636957151900245      -0.90796199988513371     
  0.11765424968389965      -0.90261906589360108     
   9.8897042124698992E-002 -0.89713331238768690     
   8.0104626536620024E-002 -0.89150560736661777     
   6.1283693149185060E-002 -0.88573684129031149     
   4.2440942344444316E-002 -0.87982792693847744     
   2.3583082271604310E-002 -0.87377979926619365     
   4.7168264588734006E-003 -0.86759341525596712     
  -1.4151108576598757E-002 -0.86126975376631421     
  -3.3014005719845863E-002 -0.85480981537687939     
  -5.1865149649431307E-002 -0.84821462223011201     
  -7.0697829228138262E-002 -0.84148521786953867     
  -8.9505339892187882E-002 -0.83462266707464261     
 -0.10828098603810850      -0.82762805569238695     
 -0.12701808340641479      -0.82050249046540469     
 -0.14570996146125742      -0.81324709885687840     
 -0.16434996576516908      -0.80586302887214756     
 -0.18293146034809724      -0.79835144887705833     
 -0.20144783006985340      -0.79071354741309774     
 -0.21989248297514702      -0.78295053300933437     
 -0.23825885264037386      -0.77506363399119205     
 -0.25654040051129767      -0.76705409828609661     
 -0.27473061823082762      -0.75892319322601998     
 -0.29282302995603632      -0.75067220534694956     
 -0.31081119466360324      -0.74230244018532665     
 -0.32868870844286985      -0.73381522207146999     
 -0.34644920677566593      -0.72521189392003194     
 -0.36408636680212880      -0.71649381701751325     
 -0.38159390957168304      -0.70766237080686545     
 -0.39896560227838906      -0.69871895266922968     
 -0.41619526047987088      -0.68966497770282720     
 -0.43327675029901103      -0.68050187849905386     
 -0.45020399060765925      -0.67123110491580540     
 -0.46697095519155463      -0.66185412384806552     
 -0.48357167489569775      -0.65237241899580722     
 -0.50000023974941732      -0.64278749062922547     
 -0.51625080107035104      -0.63310085535135430     
 -0.53231757354662324      -0.62331404585810057     
 -0.54819483729645402      -0.61342861069572341     
 -0.56387693990447552      -0.60344611401581660     
 -0.57935829843403608      -0.59336813532781174     
 -0.59463340141475596      -0.58319626924905699     
 -0.60969681080465399      -0.57293212525250736     
 -0.62454316392612597      -0.56257732741205613     
 -0.63916717537509971      -0.55213351414556322     
 -0.65356363890266744      -0.54160233795561441     
 -0.66772742926855166      -0.53098546516804412     
 -0.68165350406572456      -0.52028457566828157     
 -0.69533690551553862      -0.50950136263554158     
 -0.70877276223273522      -0.49863753227491808     
 -0.72195629095968328      -0.48769480354741729     
 -0.73488279826925718      -0.47667490789796491     
 -0.74754768223572821      -0.46557958898144941     
 -0.75994643407308049      -0.45441060238682152     
 -0.77207463974017454      -0.44316971535931365     
 -0.78392798151216936      -0.43185870652081465     
 -0.79550223951766685      -0.42047936558843679     
 -0.80679329324101412      -0.40903349309133885     
 -0.81779712298923435      -0.39752290008582647     
 -0.82850981132306911      -0.38594940786879528     
 -0.83892754445160822      -0.37431484768955303     
 -0.84904661359002798      -0.36262106046006015     
 -0.85886341627994822      -0.35086989646364847     
 -0.86837445767192223      -0.33906321506225745     
 -0.87757635176963977      -0.32720288440222517     
 -0.88646582263535523      -0.31529078111870240     
 -0.89503970555614798      -0.30332879003871061     
 -0.90329494817058487      -0.29131880388291220     
 -0.91122861155537316      -0.27926272296613192     
 -0.91883787127164862      -0.26716245489666812     
 -0.92612001837048674      -0.25501991427446269     
 -0.93307246035731017      -0.24283702238815197     
 -0.93969272211483734      -0.23061570691106789     
 -0.94597844678423437      -0.21835790159622881     
 -0.95192739660418135      -0.20606554597035981     
 -0.95753745370752485      -0.19374058502701244     
 -0.96280662087525470      -0.18138496891880637     
 -0.96773302224753055      -0.16900065264886346     
 -0.97231490399149523      -0.15658959576147435     
 -0.97655063492565763      -0.14415376203203778     
 -0.98043870710059988      -0.13169511915634358     
 -0.98397773633581986      -0.11921563843922206     
 -0.98716646271250952      -0.10671729448263138     
 -0.99000375102209170       -9.4202064873222996E-002
 -0.99248859117036614       -8.1671929869426965E-002
 -0.99462009853710787       -6.9128872088122559E-002
 -0.99639751429099688       -5.6574876190935562E-002
 -0.99782020565977048       -4.4011928570203272E-002
 -0.99888766615549152       -3.1442017034678894E-002
 -0.99959951575486405       -1.8867130494998555E-002
 -0.99995550103452235       -6.2892586489828074E-003
 -0.99995549526125249        6.2896083331863929E-003
 -0.99959949843710960        1.8867480123872345E-002
 -0.99888763729941787        3.1442366552901849E-002
 -0.99782016527565054        4.4012277922471858E-002
 -0.99639746239320759        5.6575225321972504E-002
 -0.99462003514412534        6.9129220942685587E-002
 -0.99248851630475876        8.1672278392317568E-002
 -0.99000366471051204        9.4202413009295119E-002
 -0.98716636498568511       0.10671764217680019     
 -0.98397762722854210       0.11921598563647264     
 -0.98043858665171169       0.13169546580173963     
 -0.97655050317803960       0.14415410807073034     
 -0.97231476099205050       0.15658994113871044     
 -0.96773286804716796       0.16900099730999477     
 -0.96280645552887056       0.18138531280929790     
 -0.95753727727398363       0.19374092809245111     
 -0.95192720914629469       0.20606588815646312     
 -0.94597824836873845       0.21835824284885336     
 -0.93969251281236954       0.23061604717621800     
 -0.93307224024238355       0.24283736161198818     
 -0.92611978752146373       0.25502025240331033     
 -0.91883762977071315       0.26716279187702580     
 -0.91122835948850112       0.27926305874467994     
 -0.90329468562751380       0.29131913840652102     
 -0.89503943263034513       0.30332912325444927     
 -0.88646553942398398       0.31529111297384688     
 -0.87757605837352537       0.32720321484426673     
 -0.86837415419551567       0.33906354403891092     
 -0.85886310283128930       0.35087022392286060     
 -0.84904629028070644       0.36262138635001767     
 -0.83892721139672444       0.37431517195869113     
 -0.82850946864119301       0.38594973046580555     
 -0.81779677080236290       0.39752322095966502     
 -0.80679293167452848       0.40903381219123452     
 -0.79550186870028705       0.42047968286389914     
 -0.78392760157590891       0.43185902192164177     
 -0.77207425082029346       0.44317002883560030     
 -0.75994603630803681       0.45441091388896704     
 -0.74754727576712909       0.46557989846016551     
 -0.73488238324180821       0.47667521530428342     
 -0.72195586752113716       0.48769510883269790     
 -0.70877233053383915       0.49863783539085615     
 -0.69533646570998020       0.50950166353417581     
 -0.68165305631007755       0.52028487430200132     
 -0.66772697372222023       0.53098576148959720     
 -0.65356317572782918       0.54160263191811453     
 -0.63916670473664816       0.55213380570249715     
 -0.62454268599161156       0.56257761651729155     
 -0.60969632574422472       0.57293241186029986     
 -0.59463290940109670       0.58319655331405718     
 -0.57935779964230716       0.59336841680507246     
 -0.56387643451225011       0.60344639286080048     
 -0.54819432548365532       0.61342888686430930     
 -0.53231705549546005       0.62331431930659087     
 -0.51625027696525327       0.63310112603648194     
 -0.49999970977696989       0.64278775850816039     
 -0.48357113924457457       0.65237268402616355     
 -0.46697041405245121       0.66185438598790813     
 -0.45020344417322483       0.67123136412365636     
 -0.43327619876377998       0.68050213473389931     
 -0.41619470404019360       0.68966523092412357     
 -0.39896504113236186       0.69871920283691036     
 -0.38159334391907784       0.70766261788134699     
 -0.36408579684432174       0.71649406095970147     
 -0.34644863271556597       0.72521213469132850     
 -0.32868813048484635       0.73381545963377803     
 -0.31081061301341323       0.74230267450105714     
 -0.29282244482075132       0.75067243637902725     
 -0.27473002981875971       0.75892342093788923     
 -0.25653980903192575       0.76705432264172702     
 -0.23825825830426856       0.77506385495508445     
 -0.21989188599389614       0.78295075054652585     
 -0.20144723065598635       0.79071376148916805     
 -0.18293085871500950       0.79835165945813458     
 -0.16434936212704621       0.80586323592490983     
 -0.14570935603299873       0.81324730234856546     
 -0.12701747640355693       0.82050269036381829     
 -0.10828037767674863       0.82762825196589751     
  -8.9504730388906870E-002  0.83462285969219430     
  -7.0697218799923467E-002  0.84148540680065398     
  -5.1864538513599401E-002  0.84821480744489675     
  -3.3013394093965399E-002  0.85480999684602754     
  -1.4150496678412776E-002  0.86126993146111219     
   4.7174384115249305E-003  0.86759358914829854     
   2.3583694060862023E-002  0.87377996932854407     
   4.2441553752507022E-002  0.87982809314393828     
   6.1284303958387271E-002  0.88573700361258423     
   8.0105236529509447E-002  0.89150576578001872     
   9.8897651084113969E-002  0.89713346686715034     
  0.11765485739304642       0.90261921641468434     
  0.13637017776153237       0.90796214642402007     
  0.15503694940648102       0.91316141149459173     
  0.17364852682848009       0.91821618895763324     
  0.19219828417764653       0.92312567900634990     
  0.21067961761246415       0.92788910482246723     
  0.22908594765080387       0.93250571269914795     
  0.24741072151226279       0.93697477216024794     
  0.26564741545099768       0.94129557607589753     
  0.28378953707823024       0.94546744077439049     
  0.30183062767357183       0.94948970615035966     
  0.31976426448437972       0.95336173576922256     
  0.33758406301229915       0.95708291696788550     
  0.35528367928618743       0.96065266095168178     
  0.37285681212061783       0.96407040288753687     
  0.39029720535913531       0.96733560199334034     
  0.40759865010149765       0.97044774162351211     
  0.42475498691408553       0.97340632935075111     
  0.44176010802270133       0.97621089704395014     
  0.45860795948698557       0.97886100094226813     
  0.47529254335565163       0.98135622172534509     
  0.49180791980180438       0.98369616457964970     
  0.50814820923755755       0.98588045926095114     
  0.52430759440720653       0.98790876015290052     
  0.54028032245821700       0.98978074632171831     
  0.55606070698927146       0.99149612156697453     
  0.57164313007467338       0.99305461446845555     
  0.58702204426436400       0.99445597842911104     
  0.60219197455885920       0.99569999171407197     
  0.61714752035837794       0.99678645748573536     
  0.63188335738549928       0.99771520383490986     
  0.64639423958063980       0.99848608380801573     
  0.66067500096968601       0.99909897543033821     
  0.67472055750312243       0.99955378172532616     
  0.68852590886597931       0.99985043072993707     
  0.70208614025798555       0.99998887550602356     
  0.71539642414326943       0.99996909414776014     
  0.72845202196899417       0.99979108978510967     
  0.74124828585231950       0.99945489058332737     
  0.75378066023507329       0.99896054973850534     
  0.76604468350556620       0.99830814546915447     
  0.77803598958695508       0.99749778100382891     
  0.78975030949159541       0.99652958456479168     
  0.80118347284083469       0.99540370934772682     
  0.81233140934968928       0.99412033349749962     
  0.82319015027589859       0.99267966007996855     
  0.83375582983282337       0.99108191704985538     
  0.84402468656569118       0.98932735721467580     
  0.85399306469070402       0.98741625819473844     
  0.86365741539652041       0.98534892237921712     
  0.87301429810765196       0.98312567687830577     
  0.88206038170933987       0.98074687347145895     
  0.89079244573344962       0.97821288855173127     
  0.89920738150498303       0.97552412306622138     
  0.90730219324878725       0.97268100245263056     
  0.91507399915606635       0.96968397657194827     
  0.92252003241033265       0.96653351963726919     
  0.92963764217240741       0.96323013013876091     
  0.93642429452414122       0.95977433076478880     
  0.94287757337050437       0.95616666831921182     
  0.94899518129973293       0.95240771363486221     
  0.95477494040122290       0.94849806148322668     
  0.96021479304088342       0.94443833048033310     
  0.96531280259366847       0.94022916298887049     
  0.97006715413302758       0.93587122501654874     
  0.97447615507703189       0.93136520611071727     
  0.97853823579094501       0.92671181924926171     
  0.98225195014602562       0.92191180072778700     
  0.98561597603435791       0.91696591004311756     
  0.98862911583953139       0.91187492977312323     
  0.99129029686300030       0.90663966545289254     
  0.99359857170597121       0.90126094544727786     
  0.99555311860668483       0.89573962081982028     
  0.99715324173296849       0.89007656519809075     
  0.99839837142995658       0.88427267463545711     
  0.99928806442289186       0.87832886746930250     
  0.99982200397493459       0.87224608417572203     
  0.99999999999992262       0.86602528722070848     
  0.99982198913004405       0.85966746090786650     
  0.99928803473839567       0.85317361122266755     
  0.99839832691642261       0.84654476567327386     
  0.99715318240624384       0.83978197312796199     
  0.99555304448789039       0.83288630364915683     
  0.99359848282149366       0.82585884832412138     
  0.99129019324448309       0.81870071909231590     
  0.98862899752386346       0.81141304856945673     
  0.98561584306366035       0.80399698986830881     
  0.98225180256763711       0.79645371641622542     
  0.97853807365740442       0.78878442176948282     
  0.97447597844605971       0.78099031942442587     
  0.97006696306750584       0.77307264262545727     
  0.96531259716161777       0.76503264416990902     
  0.96021457331543902       0.75687159620980782     
  0.95477470646060847       0.74859079005058982     
  0.94899493322723305       0.74019153594677878     
  0.94287731125443452       0.73167516289466605     
  0.93642401845781653       0.72304301842203145     
  0.92963735225410937       0.71429646837491922     
  0.92251972874327415       0.70543689670152787     
  0.91507368184835503       0.69646570523322993     
  0.90730186241338684       0.68738431346276307     
  0.89920703725967321       0.67819415831962560     
  0.89079208820078393       0.66889669394271878     
  0.88206001101660247       0.65949339145025465     
  0.87301391438681220       0.64998573870698817     
  0.86365701878418544       0.64037524008879543     
  0.85399265532807056       0.63066341624463673     
  0.84402426459849522       0.62085180385595407     
  0.83375539541128796       0.61094195539351659     
  0.82318970355468102       0.60093543887178169     
  0.81233095048782522       0.59083383760079067     
  0.80118300200168102       0.58063874993564268     
  0.78974982684277639       0.57035178902359673     
  0.77803549530029592       0.55997458254881782     
  0.76604417775703637       0.54950877247483776     
  0.75378014320472275       0.53895601478474953     
  0.74124775772421347       0.52831797921918255     
  0.72845148293115214       0.51759634901210960     
  0.71539587438759145       0.50679282062450315     
  0.70208557998018839       0.49590910347591349     
  0.68852533826552587       0.48494691967399023     
  0.67471997678314899       0.47390800374199432     
  0.66067441033693564       0.46279410234435508     
  0.64639363924538029       0.45160697401028943     
  0.63188274756145424       0.44034838885555966     
  0.61714690126264904       0.42902012830239056     
  0.60219134641184713       0.41762398479759677     
  0.58702140728969643       0.40616176152897437     
  0.57164248449911625       0.39463527213997646     
  0.55606005304265416       0.38304634044275065     
  0.54027966037334896       0.37139680012955956     
  0.52430692441979299       0.35968849448263773     
  0.50814753158612025       0.34792327608253992     
  0.49180723472759336       0.33610300651500086     
  0.47529185110255656       0.32422955607638732     
  0.45860726030145327       0.31230480347776318     
  0.44175940215364512       0.30033063554762368     
  0.42475427461280124       0.28830894693335274     
  0.40759793162157110       0.27624163980142719     
  0.39029648095634861       0.26413062353644734     
  0.37285608205286341       0.25197781443901779     
  0.35528294381337611       0.23978513542253502     
  0.33758332239625932       0.22755451570892696     
  0.31976351898878080       0.21528789052340347     
  0.30182987756381374       0.20298720078823929     
  0.28378878262135721       0.19065439281567273     
  0.26564665691560330       0.17829141799994327     
  0.24740995916838571       0.16590023250852468     
  0.22908518176984891       0.15348279697261180     
  0.21067884846708854       0.14104107617688352     
  0.19219751204167126       0.12857703874862600     
  0.17364775197679269       0.11609265684623915     
  0.15503617211492876       0.10358990584718443     
  0.13636939830684167        9.1070764035432128E-002
  0.11765407605270677        7.8537212288430969E-002
   9.8896868136287910E-002   6.5991233763685181E-002
   8.0104452252933597E-002   5.3434813584961861E-002
   6.1283518632264153E-002   4.0869938528187287E-002
   4.2440767656423482E-002   2.8298596707090569E-002
   2.3582907474671913E-002   1.5722777258618023E-002
   4.7166516152583535E-003   3.1444700282032899E-003
  -1.4151283404649145E-002  -9.4343347450834992E-003
  -3.3014180470096924E-002  -2.2011646743448819E-002
  -5.1865324259665425E-002  -3.4585475885292462E-002
  -7.0698003636194759E-002  -4.7153832640104580E-002
  -8.9505514035976300E-002  -5.9714728343257854E-002
 -0.10828115985563067       -7.2266175510671452E-002
 -0.12701825683579579       -8.4806188153288206E-002
 -0.14571013444074990       -9.7332782091306441E-002
 -0.16435013823319289      -0.10984397526814320     
 -0.18293163224325257      -0.12233778806404370     
 -0.20144800133094268      -0.13481224360931429     
 -0.21989265354120530      -0.14726536809712010     
 -0.23825902245067326      -0.15969519109578925     
 -0.25654056950538628      -0.17209974586060076     
 -0.27473078634854237      -0.18447706964497126     
 -0.29282319713752447      -0.19682520401101813     
 -0.31081136084935213      -0.20914219513944071     
 -0.32868887357371113      -0.22142609413866199     
 -0.34644937079281185      -0.23367495735320815     
 -0.36408652964719146      -0.24588684667124205     
 -0.38159407118668526      -0.25805982983122838     
 -0.39896576260579630      -0.27019198072767125     
 -0.41619541946260719      -0.28228137971587963     
 -0.43327690788047424      -0.29432611391570174     
 -0.45020414673175241      -0.30632427751420632     
 -0.46697110980269335      -0.31827397206722879     
 -0.48357182793884096      -0.33017330679975931     
 -0.50000039117008210      -0.34202039890511832     
 -0.51625095081462757      -0.35381337384286199     
 -0.53231772156120460      -0.36555036563539706     
 -0.54819498352864304      -0.37722951716322378     
 -0.56387708430221395      -0.38884898045878574     
 -0.57935844094591882      -0.40040691699887143     
 -0.59463354199004481      -0.41190149799551340     
 -0.60969694939330610      -0.42333090468536350     
 -0.62454330047880136      -0.43469332861746512     
 -0.63916730984318337      -0.44598697193940240     
 -0.65356377123829057      -0.45721004768177231     
 -0.66772755942459905      -0.46836078004092652     
 -0.68165363199586249      -0.47943740465996265     
 -0.69533703117422185      -0.49043816890788849     
 -0.70877288557522700      -0.50136133215693857     
 -0.72195641194207527      -0.51220516605799160     
 -0.73488291684847651      -0.52296795481403746     
 -0.74754779836956220      -0.53364799545167330     
 -0.75994654772018355      -0.54424359809055534     
 -0.77207475086008637      -0.55475308621078634     
 -0.78392809006533271      -0.56517479691818984     
 -0.79550234546543386      -0.57550708120741978     
 -0.80679339654566884      -0.58574830422288870     
 -0.81779722361399843      -0.59589684551744126     
 -0.82850990923211865      -0.60595109930875557     
 -0.83892763961008876      -0.61590947473342428     
 -0.84904670596406140      -0.62577039609866791     
 -0.85886350583664894      -0.63553230313166198     
 -0.86837454437940720      -0.64519365122640981     
 -0.87757643559703979      -0.65475291168814376     
 -0.88646590355282895      -0.66420857197520866     
 -0.89503978353488733      -0.67355913593838324     
 -0.90329502318282873      -0.68280312405761989     
 -0.91122868357441678      -0.69193907367614127     
 -0.91883794027185206      -0.70096553923187443     
 -0.92612008432728676      -0.70988109248617937     
 -0.93307252324722501      -0.71868432274983685     
 -0.93969278191547778      -0.72737383710625458     
 -0.94597850347431101      -0.73594826063187258     
 -0.95192745016351155      -0.74440623661370930     
 -0.95753750411704208      -0.75274642676403292     
 -0.96280666811701254      -0.76096751143211694     
 -0.96773306630471045      -0.76906818981304104     
 -0.97231494484841252      -0.77704718015352170     
 -0.97655067256776662      -0.78490321995471668     
 -0.98043874151450050      -0.79263506617198876     
 -0.98397776750926014      -0.80024149541159084     
 -0.98716649063439144      -0.80772130412423737     
 -0.99000377568247500      -0.81507330879554496     
 -0.99248861256047149      -0.82229634613329372     
 -0.99462011664932015      -0.82938927325149348     
 -0.99639752911886803      -0.83635096785122098     
 -0.99782021719802183      -0.84318032839819534     
 -0.99888767440001536      -0.84987627429707691     
 -0.99959952070272506      -0.85643774606244416     
 -0.99995550268395927      -0.86286370548643443     
 -0.99995549361167801      -0.86915313580301834     
 -0.99959949348911104      -0.87530504184887736     
 -0.99888762905475670      -0.88131845022087119     
 -0.99782015373726185      -0.88719240943005395     
 -0.99639744756519932      -0.89292599005222728     
 -0.99462001703177627      -0.89851828487500196     
 -0.99248849491451696      -0.90396840904134068     
 -0.99000364004999264      -0.90927550018957259     
 -0.98716633706366730      -0.91443871858983883     
 -0.98397759605496649      -0.91945724727696310     
 -0.98043855223767618      -0.92433029217971785     
 -0.97655046553579550      -0.92905708224646677     
 -0.97231472013499942      -0.93363686956717040     
 -0.96773282398985494      -0.93806892949172338     
 -0.96280640828698039      -0.94235256074461526     
 -0.95753722686433462      -0.94648708553589245     
 -0.95192715558683250      -0.95047184966840115     
 -0.94597819167853170      -0.95430622264130294     
 -0.93969245301159987      -0.95798959774983539     
 -0.93307217735234038      -0.96152139218131016     
 -0.92611972156453637      -0.96490104710733082     
 -0.91883756077038192      -0.96812802777221307     
 -0.91122828746933215      -0.97120182357760132     
 -0.90329461061514571      -0.97412194816325670     
 -0.89503935465148277      -0.97688793948401431     
 -0.88646545850638836      -0.97949935988289105     
 -0.87757597454600289      -0.98195579616033579     
 -0.86837406748791124      -0.98425685963960763     
 -0.85886301327447045      -0.98640218622827713     
 -0.84904619790655611      -0.98839143647583527     
 -0.83892711623812855      -0.99022429562740344     
 -0.82850937073202757      -0.99190047367353751     
 -0.81779667017748625      -0.99341970539611368     
 -0.80679282836976274      -0.99478175041029548     
 -0.79550176275240847      -0.99598639320256799     
 -0.78392749302263776      -0.99703344316483855     
 -0.77207413970027317      -0.99792273462459613     
 -0.75994592266082928      -0.99865412687112531     
 -0.74754715963319229      -0.99922750417777095     
 -0.73488226466248541      -0.99964277582024896     
 -0.72195574653864580      -0.99989987609100162     
 -0.70877220719124734      -0.99999876430959456     
 -0.69533634005120137      -0.99993942482915299     
 -0.68165292837984581      -0.99972186703883814     
 -0.66772684356607825      -0.99934612536236100     
 -0.65356304339211624      -0.99881225925253603     
 -0.63916657026847379      -0.99812035318187342     
 -0.62454254943885024      -0.99727051662921451     
 -0.60969618715548879      -0.99626288406240737     
 -0.59463276882572313      -0.99509761491703164     
 -0.57935765713034471      -0.99377489357117077     
 -0.56387629011443119      -0.99229492931623819     
 -0.54819417925138791      -0.99065795632386244     
 -0.53231690748080540      -0.98886423360883324     
 -0.51625012722090258      -0.98691404498811919     
 -0.49999955835623627      -0.98480769903595988     
 -0.48357098620136174      -0.98254552903504022     
 -0.46697025944124509      -0.98012789292375702     
 -0.45020328804906973      -0.97755517323958174     
 -0.43327604118225399      -0.97482777705853330     
 -0.41619454505740000      -0.97194613593076706     
 -0.39896488080489645      -0.96891070581229100     
 -0.38159318230401984      -0.96572196699282287     
 -0.36408563399920896      -0.96238042401979185     
 -0.34644846869836909      -0.95888660561850714     
 -0.32868796535395989      -0.95524106460849822     
 -0.31081044682762499      -0.95144437781604385     
 -0.29282227763921942      -0.94749714598290069     
 -0.27472986170100716      -0.94339999367125216     
 -0.25653964003780011      -0.93915356916488180     
 -0.23825808849393637      -0.93475854436659855     
 -0.21989171542781105      -0.93021561469192282     
 -0.20144705939486590      -0.92552549895905145     
 -0.18293068681982899      -0.92068893927512330     
 -0.16434918965899806      -0.91570670091879347     
 -0.14570918305348624      -0.91057957221914720     
 -0.12701730297416197      -0.90530836443096396     
 -0.10828020385920802      -0.89989391160635279     
  -8.9504556245106143E-002 -0.89433707046278599     
  -7.0697044391855465E-002 -0.88863872024753721     
  -5.1864363903358142E-002 -0.88279976259856352     
  -3.3013219343713346E-002 -0.87682112140184010     
  -1.4150321850356888E-002 -0.87070374264517503     
   4.7176132551393288E-003 -0.86444859426853071     
   2.3583868857792952E-002 -0.85805666601086428     
   4.2441728440522020E-002 -0.85152896925352584     
   6.1284478475296202E-002 -0.84486653686022983     
   8.0105410813188407E-002 -0.83807042301362533     
   9.8897825072511436E-002 -0.83114170304849944     
  0.11765503102422488      -0.82408147328162318     
  0.13637035097367439      -0.81689085083828783     
  0.15503712213792190      -0.80957097347554285     
  0.17364869901773150      -0.80212299940217091     
  0.19219845576340264      -0.79454810709543044     
  0.21067978853364278      -0.78684749511458141     
  0.22908611784655236      -0.77902238191124451     
  0.24741089092199037      -0.77107400563660644     
  0.26564758401439842      -0.76300362394550914     
  0.28378970473528925      -0.75481251379745817     
  0.30183079436460553      -0.74650197125456530     
  0.31976443015004147      -0.73807331127647946     
  0.33758422759361090      -0.72952786751232301     
  0.35528384272456209      -0.72086699208966964     
  0.37285697435786525      -0.71209205540060483     
  0.39029736633750117      -0.70320444588488451     
  0.40759880976366930      -0.69420556981025006     
  0.42475514520322211      -0.68509685104991613     
  0.44176026488245251      -0.67587973085727426     
  0.45860811486150971      -0.66655566763784502     
  0.47529269718963435      -0.65712613671852294     
  0.49180807204047661      -0.64759263011413082     
  0.50814835982672124      -0.63795665629134624     
  0.52430774329325247      -0.62821973993001934     
  0.54028046958814224      -0.61838342168192395     
  0.55606085231069680      -0.60844925792698934     
  0.57164327353586020      -0.59841882052702944     
  0.58702218581424070      -0.58829369657703534     
  0.60219211414703167      -0.57807548815405185     
  0.61714765793515469      -0.56776581206368226     
  0.63188349290190193      -0.55736629958427109     
  0.64639437298842084      -0.54687859620878054     
  0.66067513222135288      -0.53630436138443471     
  0.67472068655194706      -0.52564526825014635     
  0.68852603566602222      -0.51490300337177830     
  0.70208626476410485      -0.50407926647528811     
  0.71539654631113780      -0.49317577017777475     
  0.72845214175512008      -0.48219423971650055     
  0.74124840321405716      -0.47113641267590933     
  0.75378077513064334      -0.46000403871269063     
  0.76604479589406504      -0.44879887927894119     
  0.77803609942836938      -0.43752270734344467     
  0.78975041674682211      -0.42617730711114515     
  0.80118357747168900      -0.41476447374083431     
  0.81233151131892412      -0.40328601306110556     
  0.82319024954721209      -0.39174374128462819     
  0.83375592637087215      -0.38013948472076226     
  0.84402478033610828      -0.36847507948659169     
  0.85399315566010636      -0.35675237121639797     
  0.86365750353252224      -0.34497321476962739     
  0.87301438337887716      -0.33313947393740762     
  0.88206046408542949      -0.32125302114763354     
  0.89079252518507823      -0.30931573716870375     
  0.89920745800386526      -0.29732951081192904     
  0.90730226676768888      -0.28529623863266773     
  0.91507406966881488      -0.27321782463024480     
  0.92252009989182360      -0.26109617994667567     
  0.92963770659861777      -0.24893322256427722     
  0.93642435587213468      -0.23673087700218759     
  0.94287763161844007      -0.22449107401185373     
  0.94899523642687589      -0.21221575027153081     
  0.95477499238794583      -0.19990684807985273     
  0.96021484186867923      -0.18756631504849583     
  0.96531284824515418      -0.17519610379401934     
  0.97006719659195040      -0.16279817162890525     
  0.97447619432827748      -0.15037448025185515     
  0.97853827182053843      -0.13792699543740175     
  0.98225198294114047      -0.12545768672485796     
  0.98561600558331885      -0.11296852710668796     
  0.98862914213181874      -0.10046149271632286     
  0.99129031988925442       -8.7938562515479629E-002
  0.99359859145799378       -7.5401717981041130E-002
  0.99555313507744436       -6.2852942791520663E-002
  0.99715325491660123       -5.0294222513195694E-002
  0.99839838132176895       -3.7727544285934181E-002
  0.99928807101936268       -2.5154896508771792E-002
  0.99982200727371506       -1.2578268525298841E-002
  0.99999999999983857        3.4969112001490846E-007
